1       3457.25         7.93902         8.98633
2       5515.77         20.5644         19.254
3       6844.06         30.6196         18.0934
4       7578.02         24.0391         20.4747
5       4452.31         23.0635         28.0699
6       3986.97         23.3971         33.3404
7       4518.65         66.6739         48.1567
8       3507.4          27.4933         75.3986
9       9379.5          48.6121         46.9341
10      6017.28         68.0892         51.29
20      8132.68         71.7554         106.967
32      7749.69         100.14          146.631
40      7390.21         240.107         250.555
50      5922.43         175.429         284.892
64      5907.19         334.096         299.192
70      5902.25         423.184         293.6
80      5906.24         358.082         195.219
90      3665.56         411.781         295.204
128     3261.15         398.841         229.563
256     2225.62         360.921         210.602
300     2077.93         353.022         213.112
400     1699.91         330.134         180.14
500     1623.32         337.166         216.032
512     1616.96         340.874         214.948
768     1581.32         295.488         203.758
896     1575.45         338.597         202.253
1024    1571.17         342.301         27.7369
1536    1567.76         338.199         126.249
2048    1565.31         337.56          167.755
3072    937.719         289.263         36.7768
3584    830.27          53.2453         34.1522
4096    496.638         45.439          32.717
4608    414.005         44.5901         25.2678
5120    230.489         47.7302         34.3168
5632    188.997         47.6268         34.9121
6656    185.285         48.3994         33.959
7680    131.795         48.7407         34.2346
8192    114.746         47.9089         20.9562
10000   113.377         48.796          34.052
16384   112.036         48.3238         33.104
32768   112.989         47.9152         33.1512
65536   112.92          47.5547         33.003
102400  112.823         47.584          33.023